1 41 49 
69 37 47 
28 41 37 
27 35 40 
101 35 35 
53 37 31 
58 36 26 
40 40 25 
26 45 30 
12 50 35 
80 56 37 
68 56 39 
29 64 42 
24 65 35 
54 57 29 
55 63 23 
25 65 20 
4 55 20 
39 60 12 
67 67 5 
23 55 5 
56 53 12 
75 49 11 
41 42 7 
22 45 10 
74 46 13 
72 47 16 
73 44 17 
21 45 20 
2 35 17 
13 30 25 
87 28 18 
42 24 12 
57 32 12 
15 30 5 
43 23 3 
14 15 10 
44 11 14 
38 5 5 
86 4 18 
16 10 20 
61 12 24 
85 16 22 
91 15 19 
100 18 18 
37 20 20 
98 19 21 
93 18 24 
96 22 27 
99 20 26 
59 21 24 
92 22 22 
97 25 21 
95 25 24 
94 26 27 
6 25 30 
89 26 35 
52 27 43 
18 20 40 
83 14 37 
60 17 34 
5 15 30 
84 11 31 
17 5 30 
45 6 38 
8 10 43 
46 2 48 
36 2 60 
49 6 68 
64 15 77 
63 27 69 
32 35 69 
90 31 67 
10 30 60 
62 24 58 
11 20 65 
19 15 60 
47 8 56 
48 13 52 
82 15 47 
7 20 50 
88 26 52 
31 31 52 
70 37 56 
30 40 60 
20 45 65 
66 49 73 
65 62 77 
35 63 65 
71 57 68 
9 55 60 
51 49 58 
33 53 52 
81 55 54 
34 65 55 
78 61 52 
79 57 48 
3 55 45 
77 53 43 
76 49 42 
50 47 47 
1 41 49 
